1.04226 100.416 29.0582 97.5734
0 98 0 198
41.0398 99 40.9116 220.001
1.04226 100.416 29.0582 97.5734
1.00112 105.011 22.9721 102.731
42.5676 105.628 187.935 144.245
1.00112 105.011 22.9721 102.731
0.96605 107.663 24.034 105.337
57.9975 106.009 135.96 126.157
0.96605 107.663 24.034 105.337
40.0377 113.366 1.03942 117.383
40.8867 113.448 189.97 151.12
40.0377 113.366 1.03942 117.383
42.7383 118.046 190.025 154.898
322.476 118.792 263.243 154.404
0.958405 121.611 25.9928 118.932
0.958405 121.611 25.9928 118.932
29.999 121.81 52.9984 121.69
29.999 121.81 52.9984 121.69
135.014 121.949 182.901 135.355
1.04746 126.335 22.0508 123.359
52.1109 124.537 100.943 136.236
1.04746 126.335 22.0508 123.359
3.02864 128.248 22.9931 125.94
57.9975 106.009 135.96 126.157
3.02864 128.248 22.9931 125.94
134.978 128.087 158.965 134.139
327.671 128.892 452.945 175.148
52.3788 127.353 124.987 144.055
324.646 129.028 337.992 295.001
337.224 128.405 498.371 189.013
54.0854 129.639 190.042 161.821
331.255 152.982 329.842 133.011
134.978 128.087 158.965 134.139
165.874 134.584 198.847 141.708
334.896 134.285 358.988 143.033
135.014 121.949 182.901 135.355
52.1109 124.537 100.943 136.236
191.325 157.999 191.247 137.999
284.64 155.191 313.762 139.557
165.874 134.584 198.847 141.708
1.00857 145.108 47.9499 141.37
332.963 142.11 404.004 165.987
49.8653 143.611 324.95 204.229
210.02 142.924 243.987 152.049
334.896 134.285 358.988 143.033
52.3788 127.353 124.987 144.055
42.5676 105.628 187.935 144.245
198.149 143.374 213.02 146.917
1.00857 145.108 47.9499 141.37
29.0541 147.007 28.8742 173.006
198.149 143.374 213.02 146.917
30.9962 148.449 48.9953 148.325
30.9962 148.449 48.9953 148.325
202.262 148.007 323.027 179.898
50.7659 149.996 49.7412 213.996
1 151 19.9869 150.5
1 151 19.9869 150.5
40.8867 113.448 189.97 151.12
200.434 153.193 323.985 185.059
210.02 142.924 243.987 152.049
62.1599 152.25 184.158 178.257
331.255 152.982 329.842 133.011
322.476 118.792 263.243 154.404
284.64 155.191 313.762 139.557
42.7383 118.046 190.025 154.898
60.2421 154.851 182.101 180.522
191.325 157.999 191.247 137.999
203.969 158.126 325.859 188.563
270.939 159.224 322.883 173.427
54.0854 129.639 190.042 161.821
413.395 207.963 409.077 162.087
414.492 241.944 405.575 164.049
191.934 165.05 198.384 302.982
353.045 164.996 356.088 196.089
206.062 165.743 300.89 188.46
350.026 191.998 347.68 166.029
332.963 142.11 404.004 165.987
343.773 195.009 342.711 167.011
347.121 192.989 344.806 167.017
364.104 168.855 368.082 199.121
1.01887 170.701 20.0063 171.9
370.168 194.983 367.753 171.025
375.984 202.907 372.977 171.002
414.224 170.352 465.017 187.951
1.01887 170.701 20.0063 171.9
195.093 171.947 201.158 296.041
29.0541 147.007 28.8742 173.006
270.939 159.224 322.883 173.427
70.1712 174.231 90.0753 178.662
327.671 128.892 452.945 175.148
394.188 204.983 391.548 176.041
389.253 200.974 386.747 177.026
386.837 204.136 383.787 178.025
55.996 180.971 72.9429 178.593
70.1712 174.231 90.0753 178.662
62.1599 152.25 184.158 178.257
466.449 179.161 478.031 290.997
1.06856 179.472 20.9923 182.06
75.1971 179.434 95.791 186.6
202.262 148.007 323.027 179.898
380.315 202.014 379.859 180.003
403.696 179.772 407.475 207.936
55.996 180.971 72.9429 178.593
60.2421 154.851 182.101 180.522
202.293 180.986 207.664 291.968
361 181 361 197
586.057 185.26 606.923 180.653
1.06856 179.472 20.9923 182.06
397.652 181.978 398.562 209.015
525.116 213.422 638.062 182.225
1.05461 182.536 17.0683 184.42
23.9916 184 24.0721 249
206.245 182.839 322.139 207.342
362.553 183.934 364.459 199.945
404.188 206.981 401.812 184.019
1.05461 182.536 17.0683 184.42
28.8081 185.002 29.4945 261.996
53.3962 212.012 54.2461 185.008
127.346 184.06 147.231 191.371
200.434 153.193 323.985 185.059
469.56 185.045 473.562 224.045
586.057 185.26 606.923 180.653
75.1971 179.434 95.791 186.6
423.463 185.784 427.777 215.033
18.0222 187 17.8679 262.002
109.142 186.969 111.332 266.991
208.215 185.973 321.074 209.649
96.6158 265.004 95.7433 188.003
206.062 165.743 300.89 188.46
203.969 158.126 325.859 188.563
430.966 213.003 428.501 188.049
414.224 170.352 465.017 187.951
111.981 190.515 130.992 189.786
432.806 189.982 433.344 213.992
337.224 128.405 498.371 189.013
111.981 190.515 130.992 189.786
417.939 211 417.965 191
442.351 216.959 439.304 190.964
474.949 191.146 513.139 204.604
63.0964 191.498 80.0476 194.752
83.6037 191.954 85.6556 264.01
127.346 184.06 147.231 191.371
350.026 191.998 347.68 166.029
424.144 212.984 421.766 192.027
444.883 208.009 443.707 192.022
347.121 192.989 344.806 167.017
89.7008 194.005 90.7782 264.003
160.98 194.562 177.989 193.772
63.0964 191.498 80.0476 194.752
160.98 194.562 177.989 193.772
343.773 195.009 342.711 167.011
370.168 194.983 367.753 171.025
439.301 215.967 436.969 195.003
77.3228 229.01 76.8538 196.002
148.704 270.009 146.47 196.016
161.667 273.053 158.591 195.976
336.966 196.139 409.018 213.925
353.045 164.996 356.088 196.089
361 181 361 197
456.84 222.02 453.705 197.037
623.943 196.784 546.057 217.216
0 98 0 198
116.784 198.029 117.95 247.001
172.157 197.551 190.952 204.137
364.104 168.855 368.082 199.121
517.308 220.003 517.51 198.995
81 200 81 226
362.553 183.934 364.459 199.945
141.015 200.965 143.336 267.988
389.253 200.974 386.747 177.026
445.943 216.991 448.516 201.083
618.898 200.602 583.899 209.608
71.2891 202.009 70.0455 242.001
202 203 220.98 201.701
380.315 202.014 379.859 180.003
202 203 220.98 201.701
375.984 202.907 372.977 171.002
172.157 197.551 190.952 204.137
205.741 204.012 207.078 231.996
49.8653 143.611 324.95 204.229
340.045 203.812 404.886 219.474
386.837 204.136 383.787 178.025
454 221 451.673 204.045
467.042 222.994 464.565 204.057
394.188 204.983 391.548 176.041
492.113 204.781 497.462 231.909
474.949 191.146 513.139 204.604
519.106 204.987 522.832 236.02
165.758 206.011 167.155 235.993
136.011 207 138.44 267.982
404.188 206.981 401.812 184.019
206.245 182.839 322.139 207.342
403.696 179.772 407.475 207.936
413.395 207.963 409.077 162.087
444.883 208.009 443.707 192.022
128.805 209.006 129.457 231.016
397.652 181.978 398.562 209.015
481.423 208.944 484.202 229.973
244.01 209.153 262.008 209.374
244.01 209.153 262.008 209.374
208.215 185.973 321.074 209.649
481.227 227.969 478.773 210.031
618.898 200.602 583.899 209.608
246.349 277.978 242.178 210.989
417.939 211 417.965 191
487.804 227.002 487.608 211.005
53.3962 212.012 54.2461 185.008
187.079 211.996 190.036 271.998
236.35 275.98 232.788 212.012
242.993 213.92 257.976 212.708
424.144 212.984 421.766 192.027
430.966 213.003 428.501 188.049
514.295 212.956 517.94 237.16
525.116 213.422 638.062 182.225
50.7659 149.996 49.7412 213.996
69.0103 214 66.9907 260
184.595 272.014 182.524 214.017
242.993 213.92 257.976 212.708
336.966 196.139 409.018 213.925
432.806 189.982 433.344 213.992
510.739 213.925 513.086 236.991
567.079 214.318 527.053 224.215
420.386 244.07 417.087 214.99
423.463 185.784 427.777 215.033
272.644 280.084 268.685 216.019
439.301 215.967 436.969 195.003
524.865 232.019 522.673 216.045
59 252 59 217
232.03 274.998 228.784 217.012
419.098 216.591 467.932 228.286
442.351 216.959 439.304 190.964
445.943 216.991 448.516 201.083
506.685 217.043 509.109 234.985
623.943 196.784 546.057 217.216
277.856 217.936 282.486 279.964
227.211 274.986 223.631 219.024
328.836 219.014 336.398 307.966
340.045 203.812 404.886 219.474
41.0398 99 40.9116 220.001
31.1131 249.048 43.3534 220.15
248.48 220.013 249.096 243.998
517.308 220.003 517.51 198.995
433.581 231.549 445.505 220.467
454 221 451.673 204.045
591.557 228.048 605.302 221.648
265.112 221.926 268.849 278.01
311.331 281.976 306.93 222.005
456.84 222.02 453.705 197.037
467.042 222.994 464.565 204.057
191.848 224.007 194.152 272.993
469.56 185.045 473.562 224.045
567.079 214.318 527.053 224.215
43.6135 224.991 44.0738 255.999
1.02364 227.255 15.9878 225.869
81 200 81 226
286.373 248.961 283.957 226.005
1.02364 227.255 15.9878 225.869
487.804 227.002 487.608 211.005
65.7538 229.123 81.8569 232.653
419.098 216.591 467.932 228.286
481.227 227.969 478.773 210.031
77.3228 229.01 76.8538 196.002
175.448 228.983 176.362 252.986
294.161 228.927 297.388 279.975
474.461 229.136 478.187 243.953
591.557 228.048 605.302 221.648
302.675 281.026 298.675 230.025
429.533 229.947 431.237 246.976
481.423 208.944 484.202 229.973
128.805 209.006 129.457 231.016
315.526 252.939 312.989 231.001
478.973 231.104 516.99 241.04
65.7538 229.123 81.8569 232.653
205.741 204.012 207.078 231.996
338.323 231.978 343.159 302.989
433.581 231.549 445.505 220.467
492.113 204.781 497.462 231.909
524.865 232.019 522.673 216.045
73.7673 234.009 74.7447 260.01
444.673 332.914 432.065 234.119
116.126 233.803 134.033 235.688
324.724 283.022 320.951 235.004
329.925 283.006 325.831 235.014
506.685 217.043 509.109 234.985
116.126 233.803 134.033 235.688
165.758 206.011 167.155 235.993
519.106 204.987 522.832 236.02
263.548 278.03 260.836 237.011
364.483 285.958 360.199 237.07
510.739 213.925 513.086 236.991
514.295 212.956 517.94 237.16
131.774 238.012 133.163 264.992
253.214 237.988 254.285 256.984
343.537 238.029 346.402 284.037
484.084 237.652 514.023 244.903
359.432 284.045 355.95 240.004
365.799 260.993 366.475 239.983
384.405 287.965 380.347 241.057
478.973 231.104 516.99 241.04
521.801 241.022 526.979 288.002
0 242 0 346
71.2891 202.009 70.0455 242.001
380.423 287.964 376.556 242.037
414.492 241.944 405.575 164.049
180 243 180 268
398.614 243.037 403.425 292.959
248.48 220.013 249.096 243.998
303.424 243.974 305.361 275.978
420.386 244.07 417.087 214.99
474.461 229.136 478.187 243.953
527.307 242.429 555.029 247.853
348.357 244.98 350.432 282.976
353.158 244.891 357.022 285.998
484.084 237.652 514.023 244.903
415.532 246.044 421.648 311.033
116.784 198.029 117.95 247.001
400.036 289.996 395.47 247.056
429.533 229.947 431.237 246.976
224.451 273.956 221.916 248.008
416.818 290.019 412.446 248.058
527.307 242.429 555.029 247.853
23.9916 184 24.0721 249
31.1131 249.048 43.3534 220.15
286.373 248.961 283.957 226.005
405.891 286.007 403.375 249.043
459.808 249.604 477.266 255.165
384.798 250.019 388.221 285.979
593.753 250.999 618.942 257.234
378.186 291.981 374.002 251
388.831 265.995 389.295 250.978
59 252 59 217
418.195 251.979 422.21 289.978
526.913 252.416 555.9 258.478
175.448 228.983 176.362 252.986
315.526 252.939 312.989 231.001
455.571 296.938 450.78 253.024
396.971 290.003 392.976 254.003
424.877 271.003 424.456 254.013
451.869 294.014 447.552 254.048
562.568 254.039 567.252 305.977
165.933 255.521 180.94 257.463
469.524 297.943 464.835 255.018
566.083 258.506 588.957 254.737
603.179 299.975 596.779 255.031
43.6135 224.991 44.0738 255.999
130.257 272.962 127.743 256.038
459.808 249.604 477.266 255.165
165.933 255.521 180.94 257.463
253.214 237.988 254.285 256.984
406.146 256.988 408.666 288.027
410.383 256.959 414.428 294.954
466.263 294.968 461.687 257.038
593.753 250.999 618.942 257.234
526.913 252.416 555.9 258.478
566.083 258.506 588.957 254.737
433.363 290.959 429.787 259.024
69.0103 214 66.9907 260
73.7673 234.009 74.7447 260.01
289.278 274.98 288.219 259.984
496.972 299.003 492.583 260.047
559.147 259.984 565.289 315.968
64.0824 260.635 89.8973 266.455
365.799 260.993 366.475 239.983
456.981 277.003 454.559 261.067
603.226 260.857 605.451 279.947
611.875 278.022 608.909 261.016
18.0222 187 17.8679 262.002
28.8081 185.002 29.4945 261.996
367.719 261.804 371.794 276.784
448.737 294.031 445.078 262.991
489.411 263.062 492.995 297
509.507 300.942 505.151 262.983
1.02511 265.285 15.9968 263.964
83.6037 191.954 85.6556 264.01
89.7008 194.005 90.7782 264.003
608.913 279.012 606.841 264.022
1.02511 265.285 15.9968 263.964
46.9419 264.497 0.97661 269.797
54.9408 266.517 70.9455 264.556
96.6158 265.004 95.7433 188.003
131.774 238.012 133.163 264.992
521.338 302.849 517.054 264.994
64.0824 260.635 89.8973 266.455
388.831 265.995 389.295 250.978
482.412 295.951 478.875 266.015
54.9408 266.517 70.9455 264.556
109.142 186.969 111.332 266.991
117.046 266.568 135.054 268.495
425.083 286.014 428.209 267.034
87.0341 270.267 108.933 267.476
136.011 207 138.44 267.982
141.015 200.965 143.336 267.988
180 243 180 268
368.672 286.034 366.807 268.02
463.099 294.988 459.83 268.021
476.179 297.871 472.904 268.01
520.941 267.826 526.675 298.875
117.046 266.568 135.054 268.495
503.207 300.853 499.316 268.961
46.9419 264.497 0.97661 269.797
40.1407 297.812 46.2032 270.044
47.9982 270.024 194.004 280.942
87.0341 270.267 108.933 267.476
142 270.111 117 270.1
142 270.111 117 270.1
148.704 270.009 146.47 196.016
51 286 51 271
424.877 271.003 424.456 254.013
184.595 272.014 182.524 214.017
187.079 211.996 190.036 271.998
391.036 286.997 389.715 272.025
490.118 296.985 486.882 272.015
130.257 272.962 127.743 256.038
161.667 273.053 158.591 195.976
191.848 224.007 194.152 272.993
517.979 299.003 514.62 273.049
552.111 303.983 547.5 272.926
224.451 273.956 221.916 248.008
544.786 293.012 543.715 274.016
213.917 275.894 229.964 277.389
227.211 274.986 223.631 219.024
232.03 274.998 228.784 217.012
289.278 274.98 288.219 259.984
236.35 275.98 232.788 212.012
303.424 243.974 305.361 275.978
429.285 290.975 427.964 276.003
531.17 299.885 528.82 276.018
213.917 275.894 229.964 277.389
252.059 276.771 266.853 280.573
367.719 261.804 371.794 276.784
456.981 277.003 454.559 261.067
503.347 276.952 506.572 300.06
515.212 298.967 511.83 277.026
246.349 277.978 242.178 210.989
263.548 278.03 260.836 237.011
265.112 221.926 268.849 278.01
537.454 277.936 541.127 303.982
611.875 278.022 608.909 261.016
603.037 278.803 623.084 282.552
608.913 279.012 606.841 264.022
252.059 276.771 266.853 280.573
272.644 280.084 268.685 216.019
277.856 217.936 282.486 279.964
294.161 228.927 297.388 279.975
559.723 304.005 559.317 279.995
603.226 260.857 605.451 279.947
47.9982 270.024 194.004 280.942
302.675 281.026 298.675 230.025
208.004 281.95 332.026 290.629
311.331 281.976 306.93 222.005
324.724 283.022 320.951 235.004
329.925 283.006 325.831 235.014
348.357 244.98 350.432 282.976
603.037 278.803 623.084 282.552
343.537 238.029 346.402 284.037
359.432 284.045 355.95 240.004
625.557 283.669 631.806 313.041
51 286 51 271
344.006 285.933 398.999 291.015
353.158 244.891 357.022 285.998
364.483 285.958 360.199 237.07
368.672 286.034 366.807 268.02
384.798 250.019 388.221 285.979
405.891 286.007 403.375 249.043
425.083 286.014 428.209 267.034
391.036 286.997 389.715 272.025
633.306 309.954 629.857 287.022
637.019 302.997 634.636 287.055
337.033 287.73 353.038 289.691
380.423 287.964 376.556 242.037
384.405 287.965 380.347 241.057
406.146 256.988 408.666 288.027
521.801 241.022 526.979 288.002
635.904 311.014 632.628 289.056
337.033 287.73 353.038 289.691
396.971 290.003 392.976 254.003
400.036 289.996 395.47 247.056
416.818 290.019 412.446 248.058
418.195 251.979 422.21 289.978
43.0186 290.281 103.004 291.828
208.004 281.95 332.026 290.629
344.006 285.933 398.999 291.015
429.285 290.975 427.964 276.003
433.363 290.959 429.787 259.024
466.449 179.161 478.031 290.997
1.01208 291.765 17.0211 292.589
43.0186 290.281 103.004 291.828
202.293 180.986 207.664 291.968
343.02 291.743 418.025 297.682
378.186 291.981 374.002 251
1.01208 291.765 17.0211 292.589
113.996 293.074 193.998 297.049
398.614 243.037 403.425 292.959
417.023 292.702 450.973 295.341
544.786 293.012 543.715 274.016
619.96 314.125 617.427 293.069
58.0432 292.702 97.999 294.031
58.0432 292.702 97.999 294.031
448.737 294.031 445.078 262.991
451.869 294.014 447.552 254.048
607.448 293.922 610.414 310.928
112.992 295.152 175.982 298.349
324.646 129.028 337.992 295.001
410.383 256.959 414.428 294.954
417.023 292.702 450.973 295.341
463.099 294.988 459.83 268.021
466.263 294.968 461.687 257.038
607.019 310.998 604.981 295.002
195.093 171.947 201.158 296.041
427.006 312.158 424.445 296.088
482.412 295.951 478.875 266.015
613.399 312.065 611.67 296.036
113.996 293.074 193.998 297.049
455.571 296.938 450.78 253.024
490.118 296.985 486.882 272.015
489.411 263.062 492.995 297
622.962 297.007 625.753 313.043
625.678 296.882 628.293 311.949
40.1407 297.812 46.2032 270.044
112.992 295.152 175.982 298.349
223.006 297.878 273.987 300.276
343.02 291.743 418.025 297.682
443.524 348.939 437.628 298.043
469.524 297.943 464.835 255.018
476.179 297.871 472.904 268.01
428.008 298.882 561.949 307.765
496.972 299.003 492.583 260.047
515.212 298.967 511.83 277.026
517.979 299.003 514.62 273.049
520.941 267.826 526.675 298.875
567.926 299.984 600.964 302.478
36.9914 300.269 334.007 309.772
223.006 297.878 273.987 300.276
503.347 276.952 506.572 300.06
531.17 299.885 528.82 276.018
603.179 299.975 596.779 255.031
503.207 300.853 499.316 268.961
509.507 300.942 505.151 262.983
567.926 299.984 600.964 302.478
191.934 165.05 198.384 302.982
338.323 231.978 343.159 302.989
521.338 302.849 517.054 264.994
570.932 321.005 569.701 303.02
637.019 302.997 634.636 287.055
42.006 303.83 111.99 306.295
340.711 323.946 344.427 304.08
537.454 277.936 541.127 303.982
552.111 303.983 547.5 272.926
559.723 304.005 559.317 279.995
638.436 348.998 638.586 305.002
42.006 303.83 111.99 306.295
562.568 254.039 567.252 305.977
53.0033 306.894 202.982 311.569
129 307 151 307
129 307 151 307
428.008 298.882 561.949 307.765
161.006 307.719 227.999 309.063
328.836 219.014 336.398 307.966
532.988 308.43 561.993 309.236
574.006 307.805 596.016 308.457
161.006 307.719 227.999 309.063
347.018 310.303 369 309
532.988 308.43 561.993 309.236
574.006 307.805 596.016 308.457
240 310 260 310
240 310 260 310
36.9914 300.269 334.007 309.772
347.018 310.303 369 309
633.306 309.954 629.857 287.022
53.0033 306.894 202.982 311.569
371.012 310.675 420.017 312.558
415.532 246.044 421.648 311.033
607.019 310.998 604.981 295.002
607.448 293.922 610.414 310.928
635.904 311.014 632.628 289.056
44.9923 312.384 199.01 315.486
427.006 312.158 424.445 296.088
613.399 312.065 611.67 296.036
625.678 296.882 628.293 311.949
206.043 311.372 476.013 318.521
341.007 312.736 383.005 313.795
371.012 310.675 420.017 312.558
528.999 316.051 444.98 313.713
616.998 313.412 573.999 313.184
616.998 313.412 573.999 313.184
622.962 297.007 625.753 313.043
625.557 283.669 631.806 313.041
341.007 312.736 383.005 313.795
619.96 314.125 617.427 293.069
541 315 563 315
541 315 563 315
44.9923 312.384 199.01 315.486
340.994 318.29 209.005 315.764
528.999 316.051 444.98 313.713
559.147 259.984 565.289 315.968
611.013 315.695 638.005 316.877
101.91 317.002 102.692 345.981
611.013 315.695 638.005 316.877
52.9927 318.509 95.9982 319.127
109.977 318.687 152.996 320.13
340.994 318.29 209.005 315.764
541.007 317.778 580 319.007
52.9927 318.509 95.9982 319.127
244.952 320.181 273.986 321.35
206.043 311.372 476.013 318.521
545.478 340.928 542.159 318.976
541.007 317.778 580 319.007
589.815 319.024 595.994 367.001
109.977 318.687 152.996 320.13
168.998 320.483 196.997 320.621
168.998 320.483 196.997 320.621
217.003 321.161 246.012 320.639
491.049 318.62 536.028 320.211
597.677 320.04 599.87 337.893
217.003 321.161 246.012 320.639
244.952 320.181 273.986 321.35
322.993 321.836 536.004 323.504
491.049 318.62 536.028 320.211
570.932 321.005 569.701 303.02
595.09 320.991 599.921 366.903
564.573 321.917 568.054 345.992
573.331 357.959 568.882 322.015
47.8608 330.655 68.6915 322.237
71.0475 322.503 92.0471 324.506
106.706 330.114 130.719 322.152
133.141 322.557 154.225 329.295
573.728 322.952 576.626 367.025
602.071 322.838 607.544 359.069
157.666 331.177 177.629 323.084
180.144 323.325 196.06 326.719
207.619 328.788 225.719 323.104
228.056 323.846 246.757 330.666
248.79 328.348 264.747 323.214
324.142 323.643 338.293 329.263
340.711 323.946 344.427 304.08
322.993 321.836 536.004 323.504
31.9161 326.165 47.9551 324.553
71.0475 322.503 92.0471 324.506
280.139 330.348 295.654 324.135
323.695 346.031 321.585 325.042
622.373 352.952 618.908 326.012
625.916 357.012 621.593 326.057
31.9161 326.165 47.9551 324.553
180.144 323.325 196.06 326.719
384.025 326.695 389.708 345.789
618.919 348.012 615.814 327.027
627.958 352.006 624.664 327.044
627.285 326.964 630.207 349.974
632.327 343.955 630 327
222.054 328.974 228.892 343.052
248.79 328.348 264.747 323.214
286.913 351.005 285.697 329.017
325.75 328.877 329.541 351.911
479.318 371.971 475.366 329.058
492.837 372.121 488.364 329.066
508.159 381.872 502.317 329.076
511.252 328.829 517.431 374.078
96.7765 329.738 105.578 355.805
133.141 322.557 154.225 329.295
207.619 328.788 225.719 323.104
228.056 323.846 246.757 330.666
280.139 330.348 295.654 324.135
306.772 329.983 307.103 344.998
324.142 323.643 338.293 329.263
379.251 381.975 373.992 330.001
404.739 383.025 399.637 330.035
465.63 377.04 460.587 330.044
47.8608 330.655 68.6915 322.237
106.706 330.114 130.719 322.152
207.821 331.01 209.256 355.985
339.55 330.949 346.538 405.95
402.841 331.097 407.277 383.977
425.512 330.943 432.476 393.947
457.741 330.913 464.959 392.005
45.669 331.973 48.197 394.992
156.606 352.042 154.452 332.059
157.666 331.177 177.629 323.084
162.281 356.984 160.872 332.007
167.813 349.051 163.23 332.21
248.074 331.968 256.763 352.102
433.254 378.975 428.663 332.033
537.705 360.023 535.472 332.042
588.346 332.082 593.344 371.957
637.533 363.937 633.736 332.031
52.0188 332.995 59.7088 360.083
209.034 332.987 216.717 353.108
444.673 332.914 432.065 234.119
482.384 333.084 490.147 389.98
501.01 370.999 496.585 333.048
111.53 334.165 119.599 357.141
247.323 333.968 249.094 351.991
364.985 335.001 370.06 388.09
504.142 369.983 500.022 334.997
110 354 110 336
407.669 336.031 412.083 382.992
588.593 372.171 584.197 336.098
19.411 337.009 21.6754 477.989
551.213 356.984 549.787 338.016
597.677 320.04 599.87 337.893
50.5916 339.01 52.9899 437.976
344.276 338.974 349.016 388.999
426.529 380.955 422.956 339.004
473.236 338.971 479.33 388.083
506.573 338.937 509.983 370.002
414.985 382.105 410.617 340.04
3 341 37 341
3 341 37 341
368.422 340.963 372.422 386.963
387.282 384.935 385.073 341.047
545.478 340.928 542.159 318.976
613.204 355.981 611.796 341.019
529.194 356.971 526.928 342.011
565.144 341.984 567.075 358.992
222.054 328.974 228.892 343.052
544.744 361.981 546.156 343.012
558.072 342.99 561.356 366.092
584.197 362.974 581.705 344.039
632.327 343.955 630 327
4.66691 344.997 4.41384 370.994
40.5731 345.015 42.9484 413.002
306.772 329.983 307.103 344.998
0 242 0 346
44 376 44 346
101.91 317.002 102.692 345.981
323.695 346.031 321.585 325.042
384.025 326.695 389.708 345.789
564.573 321.917 568.054 345.992
632.08 361.007 633.292 346.024
468.388 346.671 472.913 365.784
34.7269 347.969 36.4417 387.981
38 374 38 348
388.92 348.007 392.47 386.049
394.189 376.991 392.745 348.013
618.919 348.012 615.814 327.027
167.813 349.051 163.23 332.21
443.524 348.939 437.628 298.043
638.436 348.998 638.586 305.002
179.282 364.547 168.495 350.385
365.787 387.018 362.638 350.031
400.189 375.089 397.443 350.061
627.285 326.964 630.207 349.974
286.913 351.005 285.697 329.017
156.606 352.042 154.452 332.059
247.323 333.968 249.094 351.991
248.074 331.968 256.763 352.102
325.75 328.877 329.541 351.911
450.232 351.794 454.946 380.009
627.958 352.006 624.664 327.044
209.034 332.987 216.717 353.108
622.373 352.952 618.908 326.012
110 354 110 336
468.251 353.975 471.885 390.012
517.306 353.967 519.133 370.986
32.4791 382.041 33.2338 355.007
328.06 354.915 332.561 410.955
452.709 402.934 448.222 354.979
28.7332 356.002 29.0924 403.999
96.7765 329.738 105.578 355.805
207.821 331.01 209.256 355.985
613.204 355.981 611.796 341.019
111.53 334.165 119.599 357.141
162.281 356.984 160.872 332.007
493.674 388.056 488.354 357.111
529.194 356.971 526.928 342.011
551.213 356.984 549.787 338.016
569.744 357.021 571.145 373.988
625.916 357.012 621.593 326.057
312.523 357.964 316.408 415.04
573.331 357.959 568.882 322.015
263.909 360.147 278.973 361.343
283.245 396.984 280.755 359.016
323.175 395.082 319.594 359.04
565.144 341.984 567.075 358.992
602.071 322.838 607.544 359.069
52.0188 332.995 59.7088 360.083
448.293 396.972 444.811 360.018
537.705 360.023 535.472 332.042
263.909 360.147 278.973 361.343
444.131 375.988 442.745 361.024
632.08 361.007 633.292 346.024
227.011 363.239 256.996 361.907
291.339 394.976 289.012 361.999
544.744 361.981 546.156 343.012
227.011 363.239 256.996 361.907
265.017 398.999 263.686 363.012
278.19 382.986 276.763 363.017
584.197 362.974 581.705 344.039
179.282 364.547 168.495 350.385
181.008 365.226 202.017 364.45
247.285 404.046 244.719 364.018
248.121 363.997 248.692 385.982
526.988 365.913 541.978 363.841
637.533 363.937 633.736 332.031
181.008 365.226 202.017 364.45
202.895 364.943 205.445 405.035
242.895 402.949 240.744 365.015
595.031 366.568 616.023 365.43
155.281 390.984 153.872 366.007
468.388 346.671 472.913 365.784
526.988 365.913 541.978 363.841
558.072 342.99 561.356 366.092
595.031 366.568 616.023 365.43
128.982 367.494 148.993 366.792
201.035 407.118 198.632 367.022
573.728 322.952 576.626 367.025
589.815 319.024 595.994 367.001
595.09 320.991 599.921 366.903
128.982 367.494 148.993 366.792
152 390 152 368
162.039 387.996 159.961 368.004
472.382 367.961 474.311 386.968
563.145 367.964 567.842 387.039
101.998 368.958 55.0036 371.08
595.986 370.851 618.967 368.653
0 370 0 419
99.3236 369.949 101.047 414.998
109 392 107.697 370.018
274.942 386.509 267.188 370.391
504.142 369.983 500.022 334.997
506.573 338.937 509.983 370.002
544.621 376.012 560.908 369.76
4.66691 344.997 4.41384 370.994
101.998 368.958 55.0036 371.08
104.354 371.011 103.055 413.971
111.93 371.002 112.783 405.981
501.01 370.999 496.585 333.048
517.306 353.967 519.133 370.986
595.986 370.851 618.967 368.653
479.318 371.971 475.366 329.058
492.837 372.121 488.364 329.066
588.593 372.171 584.197 336.098
588.346 332.082 593.344 371.957
78.1207 399.998 77.7363 372.99
38 374 38 348
511.252 328.829 517.431 374.078
524.015 376.103 540.936 373.571
569.744 357.021 571.145 373.988
26.5259 441.061 23.7909 375.009
400.189 375.089 397.443 350.061
1.01545 377.175 16.9794 375.767
44 376 44 346
444.131 375.988 442.745 361.024
524.015 376.103 540.936 373.571
1.01545 377.175 16.9794 375.767
86 397 86 377
394.189 376.991 392.745 348.013
465.63 377.04 460.587 330.044
544.621 376.012 560.908 369.76
7.57832 379.005 8.31513 437.996
433.254 378.975 428.663 332.033
541.541 393.814 547.611 378.842
639 379 639 420
450.232 351.794 454.946 380.009
628.021 380.141 595.992 384.948
201.778 381.012 203.155 405.991
426.529 380.955 422.956 339.004
562.956 380.797 539 385.999
32.4791 382.041 33.2338 355.007
216.022 383.271 232.992 381.898
379.251 381.975 373.992 330.001
414.985 382.105 410.617 340.04
508.159 381.872 502.317 329.076
212.364 403.964 210.266 382.973
216.022 383.271 232.992 381.898
278.19 382.986 276.763 363.017
404.739 383.025 399.637 330.035
407.669 336.031 412.083 382.992
593.997 382.98 552.038 389.255
402.841 331.097 407.277 383.977
387.282 384.935 385.073 341.047
628.021 380.141 595.992 384.948
604.988 387.856 638.016 385.202
248.121 363.997 248.692 385.982
274.942 386.509 267.188 370.391
388.92 348.007 392.47 386.049
562.956 380.797 539 385.999
277.774 386.884 282.877 420.868
365.787 387.018 362.638 350.031
368.422 340.963 372.422 386.963
472.382 367.961 474.311 386.968
531.909 386.348 486.951 392.651
563.145 367.964 567.842 387.039
34.7269 347.969 36.4417 387.981
162.039 387.996 159.961 368.004
364.985 335.001 370.06 388.09
400.004 388.095 350.997 389.908
473.236 338.971 479.33 388.083
493.674 388.056 488.354 357.111
527.06 391.284 542.029 388.14
604.988 387.856 638.016 385.202
344.276 338.974 349.016 388.999
593.997 382.98 552.038 389.255
152 390 152 368
250.904 390.004 251.979 418.964
400.004 388.095 350.997 389.908
468.251 353.975 471.885 390.012
482.384 333.084 490.147 389.98
597.043 391.814 637.982 389.661
155.281 390.984 153.872 366.007
506.978 391.436 524.982 392.352
527.06 391.284 542.029 388.14
597.043 391.814 637.982 389.661
109 392 107.697 370.018
457.741 330.913 464.959 392.005
506.978 391.436 524.982 392.352
180.903 391.776 114.008 397.099
531.909 386.348 486.951 392.651
183.437 393.259 190.816 407.579
350.634 407.635 364.146 394.146
425.512 330.943 432.476 393.947
541.541 393.814 547.611 378.842
45.669 331.973 48.197 394.992
291.339 394.976 289.012 361.999
323.175 395.082 319.594 359.04
452.114 404.62 499.969 395.833
86 397 86 377
180.903 391.776 114.008 397.099
154.903 400.347 178.969 396.792
283.245 396.984 280.755 359.016
448.293 396.972 444.811 360.018
553.999 397.961 593.969 396.865
553.999 397.961 593.969 396.865
265.017 398.999 263.686 363.012
439.246 411.34 507.951 398.734
614.966 399.192 635.04 402.774
78.1207 399.998 77.7363 372.99
122.004 399.42 148.003 399.583
122.004 399.42 148.003 399.583
533.995 400.672 592.996 399.728
154.903 400.347 178.969 396.792
250.885 403.443 265.868 400.358
284.335 420.803 290.183 401.054
399.049 410.199 437.892 400.566
533.995 400.672 592.996 399.728
138.951 417.97 148.785 401.869
145.15 417.591 152.713 401.862
498.019 403.204 512.981 401.796
242.895 402.949 240.744 365.015
452.709 402.934 448.222 354.979
498.019 403.204 512.981 401.796
553.02 402.346 631.038 404.77
614.966 399.192 635.04 402.774
28.7332 356.002 29.0924 403.999
212.364 403.964 210.266 382.973
226 404 243 404
226 404 243 404
247.285 404.046 244.719 364.018
250.885 403.443 265.868 400.358
397.917 403.275 365.993 406.943
381.923 412.77 406.223 404.668
452.114 404.62 499.969 395.833
202.895 364.943 205.445 405.035
30.2097 406.033 32.8898 470.005
55.0033 405.431 89.0022 405.631
55.0033 405.431 89.0022 405.631
111.93 371.002 112.783 405.981
201.778 381.012 203.155 405.991
244.848 428.002 244.544 406.006
339.55 330.949 346.538 405.95
538.003 405.771 596.006 406.534
596.276 417.336 610.631 405.55
553.02 402.346 631.038 404.77
201.035 407.118 198.632 367.022
193.001 413.01 240.951 406.629
255 426 255 407
350.634 407.635 364.146 394.146
397.917 403.275 365.993 406.943
538.003 405.771 596.006 406.534
599.078 422.113 621.699 406.562
183.437 393.259 190.816 407.579
373.942 409.896 342.011 407.833
601.036 418.049 614.86 407.811
373.942 409.896 342.011 407.833
514.993 409.367 587.995 408.579
399.049 410.199 437.892 400.566
406.1 414.49 428.002 410.01
439.246 411.34 507.951 398.734
514.993 409.367 587.995 408.579
328.06 354.915 332.561 410.955
40.5731 345.015 42.9484 413.002
193.001 413.01 240.951 406.629
381.923 412.77 406.223 404.668
536.008 412.122 588.004 412.57
536.008 412.122 588.004 412.57
104.354 371.011 103.055 413.971
146.954 418.672 182.945 413.612
406.1 414.49 428.002 410.01
496.207 420.602 514.149 414.433
99.3236 369.949 101.047 414.998
312.523 357.964 316.408 415.04
344.01 416.245 365.016 415.391
406.058 420.274 428.12 415.563
524.002 414.634 589.006 415.029
344.01 416.245 365.016 415.391
439.062 431.212 491.945 415.81
524.002 414.634 589.006 415.029
596.276 417.336 610.631 405.55
138.951 417.97 148.785 401.869
145.15 417.591 152.713 401.862
601.036 418.049 614.86 407.811
0 370 0 419
110.002 420.121 137.01 419.736
146.954 418.672 182.945 413.612
250.904 390.004 251.979 418.964
55.9621 424.65 107.895 419.026
110.002 420.121 137.01 419.736
288.951 423.692 313.953 419.708
406.058 420.274 428.12 415.563
496.207 420.602 514.149 414.433
639 379 639 420
228.435 420.542 233.914 437.708
277.774 386.884 282.877 420.868
284.335 420.803 290.183 401.054
406.949 424.738 428.887 420.424
483.844 420.475 291.872 477.571
623.522 420.789 638.821 458.669
599.078 422.113 621.699 406.562
288.951 423.692 313.953 419.708
55.9621 424.65 107.895 419.026
406.949 424.738 428.887 420.424
486.014 425.952 567.996 424.723
486.014 425.952 567.996 424.723
255 426 255 407
570.004 425.84 608.984 426.726
570.004 425.84 608.984 426.726
362.899 431.497 385.972 426.862
405.901 429.368 423.93 426.553
467.131 431.479 482.107 427.392
610.298 426.768 630.473 452.631
639.686 447.687 630.209 426.905
244.848 428.002 244.544 406.006
257 428 278 428
257 428 278 428
228.005 448.026 333.016 428.083
344.156 439.854 333.485 428.483
404.941 433.659 436.85 428.135
369.041 432.453 388.066 430.737
405.901 429.368 423.93 426.553
466.1 433.51 481.112 430.574
607.664 429.788 621.44 472.859
230.937 450.66 333.152 431.828
439.062 431.212 491.945 415.81
467.131 431.479 482.107 427.392
567.026 431.423 533.033 433.529
362.899 431.497 385.972 426.862
369.041 432.453 388.066 430.737
55.9352 434.399 71.9645 432.671
466.1 433.51 481.112 430.574
567.026 431.423 533.033 433.529
74.0422 433.608 100.064 436.404
404.941 433.659 436.85 428.135
429.796 433.329 279.968 478.895
463.805 471.897 483.801 433.895
55.9352 434.399 71.9645 432.671
571.004 434.826 597.013 435.397
435.082 440.316 452.918 435.684
537.999 436.071 562.007 436.329
571.004 434.826 597.013 435.397
598.473 435.865 607.336 466.904
48.6434 437.087 54.2718 460.177
74.0422 433.608 100.064 436.404
135.473 436.874 140.537 455.857
313.681 443.935 339.739 436.129
537.999 436.071 562.007 436.329
1.29323 437.804 10.0925 450.938
7.57832 379.005 8.31513 437.996
50.5916 339.01 52.9899 437.976
228.435 420.542 233.914 437.708
399.047 438.552 318.033 445.391
486.26 437.647 472.396 466.712
562.991 438.391 595.997 439.138
141.167 451.888 208.052 439.277
433.049 443.199 450.951 438.801
562.991 438.391 595.997 439.138
73.0308 439.634 103.98 442.237
344.156 439.854 333.485 428.483
435.082 440.316 452.918 435.684
26.5259 441.061 23.7909 375.009
224.324 455.742 232.448 441.251
73.0308 439.634 103.98 442.237
628.145 474.955 617.858 442.044
56.922 443.633 80.9276 446.588
433.049 443.199 450.951 438.801
621.716 443.61 635.421 468.771
15.1702 445.01 13.7954 468.988
313.681 443.935 339.739 436.129
399.047 438.552 318.033 445.391
56.922 443.633 80.9276 446.588
105.975 449.821 55.9905 448.316
136.804 458.974 198.827 447.098
228.005 448.026 333.016 428.083
639.686 447.687 630.209 426.905
105.975 449.821 55.9905 448.316
459.201 472.586 471.55 448.767
1.29323 437.804 10.0925 450.938
64.9767 451.565 79.9924 452.184
141.167 451.888 208.052 439.277
230.937 450.66 333.152 431.828
64.9767 451.565 79.9924 452.184
610.298 426.768 630.473 452.631
630.725 454.125 638.695 471.685
224.324 455.742 232.448 441.251
128.832 472.089 224.892 454.411
116.831 472.178 114.387 456.093
135.473 436.874 140.537 455.857
623.522 420.789 638.821 458.669
48.6434 437.087 54.2718 460.177
136.804 458.974 198.827 447.098
67.9924 461.129 87.9826 462.298
67.9924 461.129 87.9826 462.298
588.02 464.291 605.01 463.151
588.02 464.291 605.01 463.151
40.0661 471.389 64.0529 467.311
486.26 437.647 472.396 466.712
598.473 435.865 607.336 466.904
15.1702 445.01 13.7954 468.988
483.995 469.239 536.013 470.422
621.716 443.61 635.421 468.771
30.2097 406.033 32.8898 470.005
40.0661 471.389 64.0529 467.311
483.995 469.239 536.013 470.422
116.831 472.178 114.387 456.093
463.805 471.897 483.801 433.895
482.014 471.767 525.98 474.343
630.725 454.125 638.695 471.685
128.832 472.089 224.892 454.411
459.201 472.586 471.55 448.767
607.664 429.788 621.44 472.859
82.9973 478.973 127.054 474.533
456.941 474.837 514.935 478.917
482.014 471.767 525.98 474.343
70.988 476.913 85.9781 474.841
628.145 474.955 617.858 442.044
37.0092 476.786 70.9896 478.242
70.988 476.913 85.9781 474.841
516.993 477.683 620.003 478.713
19.411 337.009 21.6754 477.989
18.0016 479.094 35.014 478.795
37.0092 476.786 70.9896 478.242
483.844 420.475 291.872 477.571
456.941 474.837 514.935 478.917
18.0016 479.094 35.014 478.795
82.9973 478.973 127.054 474.533
429.796 433.329 279.968 478.895
516.993 477.683 620.003 478.713
