1.06473 83.3949 388.022 124.795
300.005 117.957 337.98 122.181
300.005 117.957 337.98 122.181
350.029 123.736 383.956 127.405
1.06473 83.3949 388.022 124.795
350.029 123.736 383.956 127.405
337.959 178.727 583.977 141.849
586 180 586 144
500.047 162.31 564.931 152.542
500.047 162.31 564.931 152.542
466.24 190.987 464.797 165.011
496.462 183.019 497.221 165.009
462.514 192.002 462.606 167.998
412.307 194.984 411.052 170.997
222.881 173.485 177.976 183.895
1.01649 177.634 168.991 185.206
337.959 178.727 583.977 141.849
344.99 179.4 377.994 180.247
344.99 179.4 377.994 180.247
586 180 586 144
346.981 203.797 584.006 182.07
496.462 183.019 497.221 165.009
171.294 184.009 168.409 275.981
222.881 173.485 177.976 183.895
1.01649 177.634 168.991 185.206
466.24 190.987 464.797 165.011
462.514 192.002 462.606 167.998
412.307 194.984 411.052 170.997
346.981 203.797 584.006 182.07
1.01537 211.413 158.013 215.52
1.01192 215.458 159.001 218.932
1.01537 211.413 158.013 215.52
1.01192 215.458 159.001 218.932
156.641 270.969 160.218 230.019
582.998 235.796 508.008 236.663
582.998 235.796 508.008 236.663
348.002 238.154 494.997 236.697
348.002 238.154 494.997 236.697
583.693 262.984 585 238
465 267 465 239
497 254 497 239
515 268 515 239
530 269 530 239
411 264 411 240
462 267 462 240
533 265 533 241
1 254 132 254
1 254 132 254
497 254 497 239
130.1 306.007 133.861 255.99
483.988 256.554 506 257.011
47.5391 307.975 50.2692 257.014
483.988 256.554 506 257.011
52.0915 308.005 54.6292 258.981
583.693 262.984 585 238
345.997 264.07 480.965 270.708
411 264 411 240
533 265 533 241
462 267 462 240
465 267 465 239
515 268 515 239
483.016 268.73 506.991 270.15
530 269 530 239
345.997 264.07 480.965 270.708
483.016 268.73 506.991 270.15
156.641 270.969 160.218 230.019
583.993 275.134 510.029 271.416
583.993 275.134 510.029 271.416
171.294 184.009 168.409 275.981
169.122 304.053 167.549 278.027
148.987 359.999 155.141 290.012
339.952 298.375 582.904 329.746
334.185 331.007 335.298 301.011
169.122 304.053 167.549 278.027
171.005 304 170.223 390.993
360 321 360 304
130.1 306.007 133.861 255.99
47.5391 307.975 50.2692 257.014
52.0915 308.005 54.6292 258.981
1.01441 312.394 127.991 307.747
638.054 308.662 530.04 317.488
411 335 411 310
1.01441 312.394 127.991 307.747
607.053 313 607.018 377
609.219 313 608.984 434
638.054 308.662 530.04 317.488
459.032 339.007 458.877 318.001
360 321 360 304
487 342 487 321
501 343 501 321
337.038 324.443 358.055 322.64
337.038 324.443 358.055 322.64
369.043 324.73 408.019 330.88
343.117 326.368 516.92 358.432
521 348 521 327
339.952 298.375 582.904 329.746
334.185 331.007 335.298 301.011
369.043 324.73 408.019 330.88
411 335 411 310
638.045 335.371 589.042 341.342
613.023 336.177 531.004 347.031
536.014 342.129 583.974 336.77
458.901 339.613 534.853 351.905
459.032 339.007 458.877 318.001
624.002 339 621.965 430.999
638.045 335.371 589.042 341.342
487 342 487 321
536.014 342.129 583.974 336.77
501 343 501 321
585 369 585 343
613.023 336.177 531.004 347.031
286.877 423.829 392.123 348.171
521 348 521 327
538.853 453.004 539.316 348.001
390.895 351.481 416.009 356.959
518.308 447.003 519.28 351.003
458.901 339.613 534.853 351.905
532.285 352.005 530.828 440.997
542.035 353.788 582.903 360.583
393.045 354.781 414.938 359.302
390.895 351.481 416.009 356.959
388.142 358.2 249.923 455.891
343.117 326.368 516.92 358.432
393.045 354.781 414.938 359.302
625.847 358.998 624.798 430.997
148.987 359.999 155.141 290.012
542.035 353.788 582.903 360.583
540.852 362.81 582.91 370.495
521 442 521 364
600.709 433.994 602.164 364.003
419 478 419 367
411.248 367.998 412.314 477.997
585 369 585 343
540.852 362.81 582.91 370.495
607.053 313 607.018 377
68.0368 421.021 92.228 379.55
171.005 304 170.223 390.993
97 478 97 398
109 478 109 398
343 478 343 399
67.7772 428.867 85.2946 399.578
336.018 478 336.007 400
191.142 460.999 190.691 401.995
1.00388 410.034 68.9282 402.365
1.98912 406.885 36.9586 403.564
1.98912 406.885 36.9586 403.564
1.00388 410.034 68.9282 402.365
210.94 478.001 211.029 414
213.939 477.001 214.03 414
194.268 420.005 193.183 478.003
68.0368 421.021 92.228 379.55
286.877 423.829 392.123 348.171
571.052 431.246 596.956 425.79
540.111 440.516 598.975 427.882
67.7772 428.867 85.2946 399.578
64.9243 478 65.159 430.996
75.3093 477.992 74.1487 430.996
571.052 431.246 596.956 425.79
624.002 339 621.965 430.999
625.847 358.998 624.798 430.997
45.4231 463.228 61.5623 433.303
595.07 433.304 552.996 442.983
241.642 433.999 241.506 477.999
286 478 286 434
292 478 292 434
600.709 433.994 602.164 364.003
609.219 313 608.984 434
274.239 436.36 216.696 474.542
540.111 440.516 598.975 427.882
532.285 352.005 530.828 440.997
546.983 452.921 599.094 441.424
47.3003 467.167 61.2298 442.128
521 442 521 364
421.107 465.507 530.091 442.432
595.07 433.304 552.996 442.983
518.308 447.003 519.28 351.003
538.853 453.004 539.316 348.001
546.983 452.921 599.094 441.424
388.142 358.2 249.923 455.891
608.257 455.954 637.937 463.255
191.142 460.999 190.691 401.995
247 478 247 461
253 478 253 461
218.036 478.053 241.777 461.677
45.4231 463.228 61.5623 433.303
608.257 455.954 637.937 463.255
112.006 475.039 188.926 463.51
421.107 465.507 530.091 442.432
47.3003 467.167 61.2298 442.128
349.321 479.648 411.123 467.63
112.006 475.039 188.926 463.51
274.239 436.36 216.696 474.542
213.939 477.001 214.03 414
64.9243 478 65.159 430.996
75.3093 477.992 74.1487 430.996
97 478 97 398
109 478 109 398
194.268 420.005 193.183 478.003
210.94 478.001 211.029 414
218.036 478.053 241.777 461.677
241.642 433.999 241.506 477.999
247 478 247 461
253 478 253 461
286 478 286 434
292 478 292 434
336.018 478 336.007 400
343 478 343 399
349.321 479.648 411.123 467.63
411.248 367.998 412.314 477.997
419 478 419 367
33 479 57 479
33 479 57 479
72.0071 478.377 113.002 478.841
72.0071 478.377 113.002 478.841
240 479 256 479
240 479 256 479
