584.782 -2.04477 158.921 43.2613
408.932 1.5802 424.945 3.46416
583.071 1.01389 574.268 46.0525
594.776 0.993331 589.38 181.982
408.932 1.5802 424.945 3.46416
401.886 7.05545 425.931 9.64483
401.886 7.05545 425.931 9.64483
621 41 621 11
411.938 23.3849 454.908 19.0849
411.938 23.3849 454.908 19.0849
171.983 26.7144 188.984 25.7319
171.983 26.7144 188.984 25.7319
181.044 37.4385 200.055 35.5517
0.986785 45.8997 80.9173 35.3722
83.0384 36.6594 156.889 44.9857
181.044 37.4385 200.055 35.5517
72.6904 37.9916 70.341 405.996
621 41 621 11
83.0384 36.6594 156.889 44.9857
584.782 -2.04477 158.921 43.2613
0.986785 45.8997 80.9173 35.3722
583.071 1.01389 574.268 46.0525
172.99 80.8797 590.025 47.3105
0.9764 79.781 81.8989 71.0617
83.9641 72.4257 158.028 78.6669
0 94 0 77
76.7415 386.999 77.6122 76.9989
85.0255 78.6693 140.007 82.9047
83.9641 72.4257 158.028 78.6669
0.9764 79.781 81.8989 71.0617
79.7935 80.9958 78.6835 401.999
172.99 80.8797 590.025 47.3105
28.0258 86.2216 59.9429 82.5093
85.0255 78.6693 140.007 82.9047
170.912 83.2882 391.189 150.38
90.0077 83.8915 135.988 87.172
63 136 63 85
153.774 84.998 151.048 393.992
28.0258 86.2216 59.9429 82.5093
88 139 88 86
140.69 140.993 141.846 85.9968
90.0077 83.8915 135.988 87.172
163.03 86.8948 260.005 114.982
137.648 140.007 138.16 89.0016
20 139 20 90
217.024 93.2759 255.989 89.8729
160.735 91.9115 193.847 101.527
3.90145 138.997 5.3067 92.0092
11.7859 140.997 12.4942 91.9927
217.024 93.2759 255.989 89.8729
0 94 0 77
228.005 95.1983 276.002 94.0669
160.667 138.008 161.151 95.0017
228.005 95.1983 276.002 94.0669
463.005 96.2003 489.014 95.5319
463.005 96.2003 489.014 95.5319
146 161 146 100
160.735 91.9115 193.847 101.527
197 148 197 103
274.993 102.706 296.981 102.186
274.993 102.706 296.981 102.186
261 106.01 301.005 105.746
211.948 106.189 234.883 112.431
261 106.01 301.005 105.746
147.919 175 148.169 107.997
210 151 210 108
211.948 106.189 234.883 112.431
238 150 238 114
249.43 115.619 269.729 122.769
163.03 86.8948 260.005 114.982
294 117 347 117
294 117 347 117
496.974 120.803 514.931 118.472
22.0242 120.834 57.9874 126.086
242 154 242 121
496.974 120.803 514.931 118.472
249.43 115.619 269.729 122.769
282.597 125.175 299.059 130.828
495.004 123.944 514.98 125.293
272 155 272 125
495.004 123.944 514.98 125.293
22.0242 120.834 57.9874 126.086
361.972 125.068 323.008 126.249
361.972 125.068 323.008 126.249
348.036 129.389 365.076 127.823
247 157 247 128
275 160 275 129
283.127 158.006 282.94 129
348.036 129.389 365.076 127.823
282.597 125.175 299.059 130.828
300.957 133.998 299.763 164.952
63 136 63 85
310 166 310 137
22.008 140.143 60.9975 137.956
89.9826 138.447 134.992 140.204
160.667 138.008 161.151 95.0017
518.983 138.685 536.986 137.738
3.90145 138.997 5.3067 92.0092
20 139 20 90
88 139 88 86
325.164 170.997 325.26 139.001
518.983 138.685 536.986 137.738
22.008 140.143 60.9975 137.956
89.9826 138.447 134.992 140.204
137.648 140.007 138.16 89.0016
11.7859 140.997 12.4942 91.9927
140.69 140.993 141.846 85.9968
390.024 140.708 405.007 141.92
519.025 141.696 538.999 140.97
519.025 141.696 538.999 140.97
390.024 140.708 405.007 141.92
334 166 334 144
387.027 144.187 405.973 144.813
346 163 346 145
387.027 144.187 405.973 144.813
356.906 146.292 374.974 152.081
197 148 197 103
214.914 149.032 230.969 150.37
354.741 148.997 354.387 180.993
214.914 149.032 230.969 150.37
238 150 238 114
210 151 210 108
170.912 83.2882 391.189 150.38
39.9849 151.822 10.0304 154.359
356.906 146.292 374.974 152.081
532.018 154.316 564.03 152.53
85.0452 151.923 138.992 154.188
221.083 152.548 275.092 162.498
39.9849 151.822 10.0304 154.359
83.3299 223.005 84.413 153.991
85.0452 151.923 138.992 154.188
242 154 242 121
414.955 154.441 435.943 156.563
532.018 154.316 564.03 152.53
19.9549 156.694 61.0095 155.276
272 155 272 125
8.94017 156.001 10.3158 226.994
88.994 156.195 136.011 157.639
140.145 199.004 141.309 156.008
414.955 154.441 435.943 156.563
161.069 156.464 204.99 162.077
247 157 247 128
554.109 157.054 552.889 181.995
557 157 588 157
557 157 588 157
19.9549 156.694 61.0095 155.276
62 292 62 158
86.9779 157.995 86.3533 293.002
88.994 156.195 136.011 157.639
283.127 158.006 282.94 129
422.004 159.301 541.994 157.591
4.39379 288.003 3.82161 159.001
19 289 19 159
422.004 159.301 541.994 157.591
126.27 201.943 117.507 160.103
137 272 137 160
275 160 275 129
394.157 159.869 396.324 178.963
534.976 163.901 551.948 159.785
12 278 12 161
14.7346 161 14.9271 291
146 161 146 100
169.054 161.529 191.984 164.141
161.069 156.464 204.99 162.077
221.083 152.548 275.092 162.498
346 163 346 145
389 179 389 163
421.499 163.011 420.804 194.996
169.054 161.529 191.984 164.141
220.912 164.63 276.934 172.469
409 184 409 164
534.976 163.901 551.948 159.785
558.008 165.219 588.003 164.065
164.135 163.701 195.655 191.251
300.957 133.998 299.763 164.952
426.004 166.317 527.999 164.906
558.008 165.219 588.003 164.065
210.986 166.086 237.115 170.282
310 166 310 137
334 166 334 144
426.004 166.317 527.999 164.906
195.761 188.991 196.588 166.985
208.924 200.998 209.762 166.994
401.424 186.043 403.368 167.038
473.184 185.011 474.288 167.018
529.6 167.017 525.302 316.009
378.746 168.007 378.212 226.002
428.902 194.992 431.169 168.014
178.979 169.411 194.988 170.235
399.795 186.014 400.094 169.002
178.979 169.411 194.988 170.235
245.723 213.993 246.899 170.024
416.963 221 416.806 170.001
210.986 166.086 237.115 170.282
250.086 171.001 248.602 259.993
325.164 170.997 325.26 139.001
442.807 170.929 432.085 200.031
236.639 223.017 237.168 172.002
220.912 164.63 276.934 172.469
145 173 145 260
335.955 173.584 353.007 174.903
477.01 174.255 513.992 172.798
537.175 173.007 535.776 207.991
546.868 191.073 548.387 173.033
241.753 173.991 242.114 202.999
357.934 174.215 372.764 178.769
425.689 206.989 426.899 173.996
477.01 174.255 513.992 172.798
147.919 175 148.169 107.997
281.682 175.002 282.055 242
335.955 173.584 353.007 174.903
271.721 176.036 267.954 250.998
273.939 236 274.126 175.997
241.922 282.998 244.436 178.01
309.711 204.97 312.519 178.054
314.045 177.673 330.018 179.865
357.934 174.215 372.764 178.769
389 179 389 163
394.157 159.869 396.324 178.963
172.165 179.816 195.356 200.603
314.045 177.673 330.018 179.865
314.029 180.752 346.06 184.49
354.741 148.997 354.387 180.993
557 181 587 181
557 181 587 181
554.109 157.054 552.889 181.995
594.776 0.993331 589.38 181.982
256.583 183.01 255.592 238.993
355.907 183.604 391.98 189.128
409 184 409 164
555.305 184.008 552.036 308.027
172.853 207.999 173.063 185.001
314.029 180.752 346.06 184.49
473.184 185.011 474.288 167.018
332.772 264.996 334.253 186.005
346.622 186.025 343.983 250.999
399.795 186.014 400.094 169.002
401.424 186.043 403.368 167.038
305.812 266.996 307.398 186.988
461 187 483 187
461 187 483 187
195.761 188.991 196.588 166.985
373.292 249.005 374.282 189.005
355.907 183.604 391.98 189.128
394.065 191 393.865 247.003
401.952 190.999 400.283 301.004
546.868 191.073 548.387 173.033
164.135 163.701 195.655 191.251
355.959 192.303 370.958 194.311
260.563 241.988 261.958 192.999
580.022 459.001 589.356 193.012
354.42 194.009 351.572 321.013
355.959 192.303 370.958 194.311
421.499 163.011 420.804 194.996
428.902 194.992 431.169 168.014
584.201 211.944 579.499 195.14
304 267 304 196
370.643 214.996 370.857 195.998
399.034 196 397.69 290.996
408.309 196.004 406.918 298.999
413.461 196.01 411.245 299.005
456.013 196.539 476.002 196.068
456.013 196.539 476.002 196.068
147 278 147 197
185 216 185 197
282 197 297 197
282 197 297 197
478.14 198.055 459.502 245.198
547.571 197.999 547.339 264.998
140.145 199.004 141.309 156.008
159.226 289.991 160.274 199.003
289.612 242.018 290.843 198.995
163.098 199.894 195.268 229.711
361.391 258.017 363.863 199.994
442.807 170.929 432.085 200.031
172.165 179.816 195.356 200.603
208.924 200.998 209.762 166.994
295.86 200.998 295.429 227.991
381.962 249 382.079 200.998
385.776 201.015 384.724 255.995
429.43 235.982 430.515 200.985
482.644 225.115 486.939 201.168
126.27 201.943 117.507 160.103
196.304 202.01 193.63 283.988
236.457 226.632 209.554 203.519
241.753 173.991 242.114 202.999
300.097 231.995 298.704 203.014
437.054 202.504 458.024 204.777
566.326 204.002 565.996 257
309.711 204.97 312.519 178.054
437.054 202.504 458.024 204.777
453.816 220.992 454.435 205.977
425.689 206.989 426.899 173.996
172.853 207.999 173.063 185.001
433.632 224.952 435.822 207.977
537.175 173.007 535.776 207.991
324 245 324 209
208.159 210.903 231.408 232.562
274.85 276.997 276.297 210.006
440 225 440 210
584.201 211.944 579.499 195.14
245.723 213.993 246.899 170.024
370.643 214.996 370.857 195.998
185 216 185 197
208.936 216 209.158 267.004
371.565 269.018 369.456 217.022
375.125 263.003 376.322 217.008
90.2986 235.98 89.0681 217.995
487.15 217.967 484.312 291.012
535.248 219.007 533.092 301.002
416.963 221 416.806 170.001
453.816 220.992 454.435 205.977
83.3299 223.005 84.413 153.991
236.639 223.017 237.168 172.002
420.46 225.052 417.624 249.957
433.632 224.952 435.822 207.977
440 225 440 210
448.048 246.004 449.812 224.984
482.644 225.115 486.939 201.168
236.457 226.632 209.554 203.519
378.746 168.007 378.212 226.002
470.99 249.996 480.518 225.81
8.94017 156.001 10.3158 226.994
295.86 200.998 295.429 227.991
337.858 251.999 338.062 228.001
621.999 228.059 637.996 228.294
621.999 228.059 637.996 228.294
235.791 229.028 236.785 272.005
163.098 199.894 195.268 229.711
609.471 472.978 619.714 231.03
140 267 140 232
198.662 267.996 199.122 232.002
300.097 231.995 298.704 203.014
208.159 210.903 231.408 232.562
225.505 252.827 232.062 234.022
90.2986 235.98 89.0681 217.995
90.9815 236.005 97.8891 262.771
273.939 236 274.126 175.997
429.43 235.982 430.515 200.985
430.999 238.196 446.999 238.274
430.999 238.196 446.999 238.274
571.427 238.013 569.423 306.012
256.583 183.01 255.592 238.993
223.255 254.819 208.577 241.466
260.563 241.988 261.958 192.999
281.682 175.002 282.055 242
289.612 242.018 290.843 198.995
253.618 243.473 267.473 254.653
482.28 244.004 481.341 302.99
324 245 324 209
478.14 198.055 459.502 245.198
448.048 246.004 449.812 224.984
394.065 191 393.865 247.003
373.292 249.005 374.282 189.005
381.962 249 382.079 200.998
420.46 225.052 417.624 249.957
470.99 249.996 480.518 225.81
579.808 269.196 584.489 249.876
624.443 328.982 627.007 250
271.721 176.036 267.954 250.998
346.622 186.025 343.983 250.999
337.858 251.999 338.062 228.001
225.505 252.827 232.062 234.022
429.031 253.9 446.011 253.321
429.031 253.9 446.011 253.321
635.065 327.971 637.383 253.012
223.255 254.819 208.577 241.466
253.618 243.473 267.473 254.653
630.745 290.994 631.624 253.991
385.776 201.015 384.724 255.995
566.326 204.002 565.996 257
361.391 258.017 363.863 199.994
396 258.173 422 258.225
396 258.173 422 258.225
427.985 317.978 429.282 259.006
431.011 260.104 448.918 258.219
446.032 266.152 477.12 259.565
145 173 145 260
219.005 259.936 235.977 261.285
250.086 171.001 248.602 259.993
390.967 260.004 393.096 276.862
431.011 260.104 448.918 258.219
217.9 280.006 216.701 261.019
219.005 259.936 235.977 261.285
162.528 261.548 172.683 273.415
90.9815 236.005 97.8891 262.771
375.125 263.003 376.322 217.008
418.846 262.993 416.563 312.98
545.383 263.998 545.753 322.002
332.772 264.996 334.253 186.005
547.571 197.999 547.339 264.998
446.032 266.152 477.12 259.565
563.911 304.999 564.189 265.994
631.888 316.997 633.305 266.008
140 267 140 232
208.936 216 209.158 267.004
304 267 304 196
305.812 266.996 307.398 186.988
198.662 267.996 199.122 232.002
250.002 267.978 270.03 269.643
371.565 269.018 369.456 217.022
579.808 269.196 584.489 249.876
166 288 166 270
250.002 267.978 270.03 269.643
218 271 235 271
218 271 235 271
374.653 293.021 373.347 270.979
388.077 271.003 386.711 304.988
137 272 137 160
235.791 229.028 236.785 272.005
251 273 268 273
251 273 268 273
368.033 312.001 369.317 273.01
115.04 293.924 132.414 274.368
135 291 135 274
162.528 261.548 172.683 273.415
141.413 293.022 140.824 277.006
274.85 276.997 276.297 210.006
390.967 260.004 393.096 276.862
12 278 12 161
147 278 147 197
271.004 280.144 330.989 278.585
390.658 278.983 388.734 316.987
217.9 280.006 216.701 261.019
207.154 283.154 232.963 279.719
271.004 280.144 330.989 278.585
207.154 283.154 232.963 279.719
224.877 282.623 239.886 285.58
308.993 285.958 331.036 282.211
241.922 282.998 244.436 178.01
262.986 282.766 242.003 284.044
255.011 287.129 300.026 283.303
196.304 202.01 193.63 283.988
208.978 288.915 226.134 284.522
262.986 282.766 242.003 284.044
363.021 283.93 364.401 303.972
224.877 282.623 239.886 285.58
188.074 285.541 203.981 288.115
308.993 285.958 331.036 282.211
0 302 0 287
226.957 287.641 286.955 291.664
255.011 287.129 300.026 283.303
4.39379 288.003 3.82161 159.001
166 288 166 270
188.074 285.541 203.981 288.115
19 289 19 159
208.978 288.915 226.134 284.522
159.226 289.991 160.274 199.003
14.7346 161 14.9271 291
23.04 290.456 59.9869 293.177
135 291 135 274
160.168 296.099 195.945 290.637
226.957 287.641 286.955 291.664
399.034 196 397.69 290.996
487.15 217.967 484.312 291.012
630.745 290.994 631.624 253.991
62 292 62 158
306.887 291.932 308.516 313.037
344 312 344 292
23.04 290.456 59.9869 293.177
86.9779 157.995 86.3533 293.002
115.04 293.924 132.414 274.368
141.413 293.022 140.824 277.006
215.506 292.958 216.844 309.013
374.653 293.021 373.347 270.979
88.0057 295.106 113.984 293.71
88.0057 295.106 113.984 293.71
160.168 296.099 195.945 290.637
485.019 294.897 523.004 301.979
159.958 301.842 178.019 297.07
178.046 299.287 193.954 296.713
212.812 296.984 207.408 359.949
274 297 289 297
274 297 289 297
119 299 137 299
119 299 137 299
178.046 299.287 193.954 296.713
408.309 196.004 406.918 298.999
413.461 196.01 411.245 299.005
215.546 315.702 207.221 300.424
4.20727 301.008 5.02349 385
21.0115 300.895 59.9831 305.154
374.06 325.987 374.402 300.992
401.952 190.999 400.283 301.004
393.879 310.728 414.297 301.669
535.248 219.007 533.092 301.002
0 302 0 287
159.958 301.842 178.019 297.07
485.019 294.897 523.004 301.979
19.6352 388.004 18.737 303.003
136.345 302.983 134.224 386.006
236.676 303.007 237.991 362
305.308 303.037 300.331 344.04
482.28 244.004 481.341 302.99
363.021 283.93 364.401 303.972
21.0115 300.895 59.9831 305.154
332 328 332 305
388.077 271.003 386.711 304.988
563.911 304.999 564.189 265.994
89 306 109 306
89 306 109 306
87.9061 346.925 120.677 305.743
363.14 305.992 364.222 324.987
571.427 238.013 569.423 306.012
62 358 62 307
194.16 307.099 171.703 343.435
392.17 314.433 411.016 307.04
87.0926 308 86.7897 381.003
555.305 184.008 552.036 308.027
197.93 373 197.947 309
208 324 208 309
215.506 292.958 216.844 309.013
548.94 309.781 582.971 312.383
89.0007 311.032 106.993 310.653
89.0007 311.032 106.993 310.653
393.879 310.728 414.297 301.669
436.027 310.589 520 316.001
160.81 344.013 158.587 312.029
344 312 344 292
368.033 312.001 369.317 273.01
548.94 309.781 582.971 312.383
306.887 291.932 308.516 313.037
418.846 262.993 416.563 312.98
392.17 314.433 411.016 307.04
550.071 313.844 582.012 315.798
89.0389 316.941 108.006 316.157
89.0389 316.941 108.006 316.157
215.546 315.702 207.221 300.424
436.027 310.589 520 316.001
529.6 167.017 525.302 316.009
550.071 313.844 582.012 315.798
11.6957 317.006 12.8162 377.003
390.658 278.983 388.734 316.987
525.596 318.008 547.661 326.846
631.888 316.997 633.305 266.008
312.198 381.01 315.238 318.012
427.985 317.978 429.282 259.006
88.8104 380.118 133.722 319.535
375.867 324.595 392.688 319.053
354.42 194.009 351.572 321.013
545.383 263.998 545.753 322.002
554.051 321.57 582.014 324.88
208 324 208 309
363.14 305.992 364.222 324.987
375.867 324.595 392.688 319.053
554.051 321.57 582.014 324.88
201 376 201 326
243.81 359.999 243.905 326
331.852 333.593 352.087 326.24
374.06 325.987 374.402 300.992
525.596 318.008 547.661 326.846
550 326 566 326
550 326 566 326
210.433 342.243 218.981 326.989
318.046 327.002 315.684 375.985
332 328 332 305
352.895 334.781 367.007 328.014
367.989 328.162 389.955 329.66
635.065 327.971 637.383 253.012
367.989 328.162 389.955 329.66
624.443 328.982 627.007 250
266.818 396.998 267.682 329.996
329.181 340.422 351.028 331.066
458.866 355.843 488.069 331.082
297.779 332.991 295.465 386.977
331.852 333.593 352.087 326.24
352.895 334.781 367.007 328.014
139.665 335.999 139.556 396.001
326.876 348.697 352.653 338.152
329.181 340.422 351.028 331.066
492.116 341.118 407.262 424.246
210.433 342.243 218.981 326.989
622.488 342.025 615.736 474.987
194.16 307.099 171.703 343.435
160.81 344.013 158.587 312.029
305.308 303.037 300.331 344.04
301.062 345.034 299.91 380.997
624.038 478.002 630.517 346.025
87.9061 346.925 120.677 305.743
207.45 369.676 220.59 347.347
634.382 347.019 627.962 477.998
234.269 363.088 235.314 348.022
324.309 377.024 326.446 349.034
326.876 348.697 352.653 338.152
621.086 476.005 628.102 349.006
288.121 390.004 289.406 352.979
458.866 355.843 488.069 331.082
62 358 62 307
144 389 144 358
36.673 390.549 61.367 360.3
212.812 296.984 207.408 359.949
243.81 359.999 243.905 326
236.676 303.007 237.991 362
234.269 363.088 235.314 348.022
448.096 365.113 404.245 402.289
205.966 373.915 221.805 367.516
434.055 458.043 504.47 368.369
461.543 464.703 524.251 368.163
210.125 376.289 226.159 369.369
43.8677 388.899 58.2294 370.176
207.45 369.676 220.59 347.347
634.27 417.01 635.98 369.999
426.189 432.091 482.154 371.141
197.93 373 197.947 309
541.131 373.067 492.337 468.173
205.966 373.915 221.805 367.516
222.746 390.016 221.727 374.017
196.759 374.328 159.849 387.579
201 376 201 326
210.125 376.289 226.159 369.369
318.046 327.002 315.684 375.985
559.986 375.995 521.828 477.935
11.6957 317.006 12.8162 377.003
252.144 376.984 254.075 393.992
324.309 377.024 326.446 349.034
156.106 401.276 218.71 377.244
159.912 394.769 201.058 379.152
0 406 0 381
87.0926 308 86.7897 381.003
88.8104 380.118 133.722 319.535
301.062 345.034 299.91 380.997
312.198 381.01 315.238 318.012
297.922 384.224 313.961 382.612
4.20727 301.008 5.02349 385
155.098 408.263 217.062 385.166
297.922 384.224 313.961 382.612
136.345 302.983 134.224 386.006
76.7415 386.999 77.6122 76.9989
297.779 332.991 295.465 386.977
19.6352 388.004 18.737 303.003
196.759 374.328 159.849 387.579
20.8296 389.88 42.9675 394.168
43.8677 388.899 58.2294 370.176
144 389 144 358
36.673 390.549 61.367 360.3
222.746 390.016 221.727 374.017
288.121 390.004 289.406 352.979
282.292 410.557 319.117 391.223
534.013 393.007 494.592 469.306
20.8296 389.88 42.9675 394.168
153.774 84.998 151.048 393.992
225.665 393.158 171.84 414.599
252.144 376.984 254.075 393.992
25.022 394.881 59.9383 401.334
46.0336 394.792 60.9664 397.208
87.9786 396.522 133.976 394.459
159.912 394.769 201.058 379.152
467.022 420.017 486.903 394.923
2.0809 395.573 77.8265 409.916
139.665 335.999 139.556 396.001
234.088 395.29 271.877 399.987
46.0336 394.792 60.9664 397.208
87.9786 396.522 133.976 394.459
266.818 396.998 267.682 329.996
274.034 399.26 293.954 396.647
461.098 398.092 407.744 454.759
234.088 395.29 271.877 399.987
274.034 399.26 293.954 396.647
130.004 400.181 84.9599 401.164
25.022 394.881 59.9383 401.334
156.106 401.276 218.71 377.244
210.023 400.841 278.862 410.942
79.7935 80.9958 78.6835 401.999
79.9842 408.812 155.042 402.502
448.096 365.113 404.245 402.289
0.959664 403.218 74.8377 416.878
130.004 400.181 84.9599 401.164
0 406 0 381
72.6904 37.9916 70.341 405.996
155.098 408.263 217.062 385.166
2.0809 395.573 77.8265 409.916
79.9842 408.812 155.042 402.502
76.9728 415.669 153.035 409.422
210.023 400.841 278.862 410.942
282.292 410.557 319.117 391.223
372.123 410.171 327.927 441.899
10.0157 410.926 48.9554 419.21
225.665 393.158 171.84 414.599
0.959664 403.218 74.8377 416.878
76.9728 415.669 153.035 409.422
170.02 415.899 211.037 423.806
562.716 447.93 570.562 416.139
351.033 445.833 385.927 416.912
412.674 416.691 382.01 449.009
634.27 417.01 635.98 369.999
10.0157 410.926 48.9554 419.21
467.022 420.017 486.903 394.923
77.0641 426.773 134.997 421.968
132.982 424.833 150.991 422.913
170.02 415.899 211.037 423.806
490.982 423.988 463.99 464.993
40.9277 425.545 81.8705 430.976
132.982 424.833 150.991 422.913
492.116 341.118 407.262 424.246
77.0641 426.773 134.997 421.968
221.042 425.751 344.919 446.482
1.03413 427.832 72.9036 442.473
40.9277 425.545 81.8705 430.976
426.189 432.091 482.154 371.141
458.167 431.132 435.134 460.107
127.015 437.132 157.08 433.706
632.863 432.994 630.968 475.999
7.03293 433.855 47.0111 442.951
127.015 437.132 157.08 433.706
74.9972 440.949 125.013 438.248
74.9972 440.949 125.013 438.248
1.03413 427.832 72.9036 442.473
372.123 410.171 327.927 441.899
7.03293 433.855 47.0111 442.951
221.042 425.751 344.919 446.482
351.033 445.833 385.927 416.912
562.716 447.93 570.562 416.139
412.674 416.691 382.01 449.009
562.866 453.312 624.617 479.891
396.993 455.046 435.923 461.465
461.098 398.092 407.744 454.759
434.055 458.043 504.47 368.369
580.022 459.001 589.356 193.012
458.167 431.132 435.134 460.107
396.993 455.046 435.923 461.465
461.543 464.703 524.251 368.163
490.982 423.988 463.99 464.993
541.131 373.067 492.337 468.173
534.013 393.007 494.592 469.306
609.471 472.978 619.714 231.03
622.488 342.025 615.736 474.987
621.086 476.005 628.102 349.006
632.863 432.994 630.968 475.999
559.986 375.995 521.828 477.935
624.038 478.002 630.517 346.025
634.382 347.019 627.962 477.998
562.866 453.312 624.617 479.891
